13.211515 -21.784655 335.465302
75.062195 -24.155207 387.938568
37.710693 -24.391207 279.857727
61.166168 2.566951 379.239838
20.454735 -29.901228 336.552795
37.360477 -38.015724 336.687347
57.139221 -27.891468 383.577087
22.879232 -29.683868 336.234314
85.757065 -9.227702 401.359558
17.630280 -17.606062 337.460510
27.470959 5.732998 364.006958
65.859741 -24.659950 386.410431
52.729210 -34.623238 338.873230
33.452724 12.486906 370.100891
32.142151 -20.472239 341.382813
95.399025 -33.933895 391.912933
59.012962 -19.838188 378.032318
49.777664 11.190871 377.022034
41.101898 -38.269146 337.862885
106.251022 -34.076302 399.467468
98.193428 -29.753263 393.068024
49.834988 -7.871475 369.476196
91.093422 -26.622530 395.135681
68.440582 -20.770424 385.355804
93.053307 -30.577406 393.516602
39.620205 0.896448 365.532074
53.764839 1.897223 372.463348
89.588226 -30.266417 390.421417
23.179565 2.484306 355.288574
47.008453 9.058665 371.600006
45.730362 -8.598367 366.899872
36.699863 2.803432 363.261230
88.147217 -22.003496 393.732910
97.899673 -1.726396 426.789734
22.346294 6.601237 365.881409
86.857872 -15.883699 394.975708
50.665581 22.267527 402.313843
95.044586 2.465902 426.828217
8.772778 -34.339417 341.505859
15.495064 -29.903477 337.044250
22.616013 -49.530865 357.691650
42.078484 -33.667191 340.423737
31.064640 -34.818520 337.565796
27.645632 -32.911182 335.958038
25.253157 -28.581854 336.642700
19.255028 -27.946777 335.136871
16.144840 -26.665276 337.706116
12.994345 -30.911406 337.391510
44.471249 -39.297760 336.553406
7.119481 -24.457529 337.530731
18.251871 -31.143480 336.963043
81.079529 -47.059235 401.825623
10.580444 -26.554621 338.881927
12.979289 -24.576624 335.020905
86.451004 -43.966927 394.374603
75.646530 -44.855503 398.456177
91.568665 -43.330215 392.271942
18.489300 -24.708374 333.878235
21.921116 -16.777302 340.343201
70.800713 -35.149544 391.323578
94.349709 -41.651905 398.592438
33.548260 -30.706366 337.871521
24.915251 -18.127861 340.181915
0.324916 -15.160331 342.921173
38.409386 -28.842272 342.391479
28.490824 -19.349529 338.974701
10.389636 -20.412323 336.324432
48.401806 -24.642061 365.982300
74.725014 -36.468407 390.956482
-2.032236 -10.835479 342.591766
85.796524 -34.004753 391.742767
79.560165 -33.275814 391.970612
74.265869 -30.229361 393.936066
56.435356 -24.859396 381.761078
68.414635 -24.332394 384.868347
65.091156 -21.768276 384.308899
100.492111 -31.178181 394.950989
85.666367 -27.705994 388.566895
57.717243 -16.328783 375.267303
94.287743 -35.024483 375.793457
82.980988 -29.320656 391.916107
92.115524 -35.967236 375.472046
79.441032 -22.732592 390.593048
64.653160 -30.296263 383.454254
32.192135 -10.479402 345.198608
77.681015 -30.094603 390.081635
94.289207 -33.144085 393.320892
22.404150 -13.483460 340.864258
103.128075 -28.518267 398.051849
71.594154 -26.129118 387.955200
94.398232 -27.681232 392.715637
3.022703 -8.720468 344.419556
23.911127 -10.178689 342.185516
3.679733 -0.926724 352.923431
8.957084 -1.085023 352.415863
14.727015 -1.262755 350.087921
91.628632 -23.090483 392.759430
31.430136 -6.392576 346.987793
83.880745 -19.954643 390.712921
63.095596 -15.632844 379.567932
80.063034 -18.949589 389.922241
66.627518 -14.842317 378.780701
96.186043 -24.110786 393.494568
35.546860 -8.054660 347.532623
92.943855 -19.559513 391.307709
6.153355 1.360004 353.973358
63.773895 -11.553243 379.469635
24.440681 -0.481056 355.865814
66.619171 -9.185301 382.105438
53.096809 -6.499032 371.155701
44.537079 1.995558 369.322327
45.383564 5.731444 369.409149
33.060638 7.530560 365.480347
68.796814 7.675211 394.338745
43.212334 30.642447 405.522614
51.560028 13.387728 379.854218
90.842278 2.401588 428.077545
61.947273 32.775749 415.485962
57.011086 36.749836 410.788483
49.396370 4.305014 371.066101
55.289234 11.408439 377.232880
53.651569 23.425905 398.892426
53.220242 33.091370 409.360962
43.774101 0.719103 367.191437
29.660872 -30.085375 338.170776
56.888130 5.024436 373.847809
83.312721 -39.898460 394.725067
13.757262 -11.512632 342.056915
35.184193 -36.235294 342.036957
52.667004 -13.728437 372.934998
92.441261 5.832185 429.954681
30.917139 -25.979076 337.798248
16.624079 2.106735 352.201782
20.419085 -6.968979 343.370544
5.252594 -22.086166 341.111450
5.907874 -34.140053 344.416809
26.875763 -24.168646 337.308350
20.792881 -22.160526 336.304626
63.065952 8.368530 382.357727
7.935049 -29.346384 339.945831
15.388952 -7.113953 342.769836
27.189390 -14.648454 341.646576
71.690178 -30.182354 391.987732
70.542664 -12.599010 384.733612
51.161236 -0.938153 366.049957
96.701927 -23.930874 392.264679
30.594690 -9.427247 343.020813
33.542694 0.245907 366.614929
19.051929 -11.746917 341.768341
40.051010 7.145224 370.005402
50.121513 -9.282269 369.161438
102.364517 -25.141579 395.645660
13.989038 8.606498 370.956451
35.410145 -23.472244 341.709778
56.991352 28.950893 404.327576
7.062607 -34.606064 339.837189
45.346531 35.149979 405.103912
73.849808 -2.696906 410.612122
85.129112 -8.445087 405.528168
-9.321896 -2.740178 348.823914
50.351414 -18.152641 369.132568
17.779312 -15.125374 340.677429
12.543856 -30.347404 338.506989
49.245296 -42.247490 334.904785
103.235359 -27.235617 398.832581
47.945198 29.930157 405.937439
76.036705 23.710953 428.304443
14.392549 -23.066921 337.957703
0.047398 3.844604 361.329254
28.333385 -35.755505 331.367004
52.705456 3.858771 372.841644
-3.884451 -11.114979 343.845184
7.490746 -11.993785 342.649933
31.176636 -7.829001 346.098053
24.845480 10.265924 367.711670
20.503532 -15.571468 341.875427
63.636841 -25.328365 380.384430
