3.981696 -32.910088 337.606995
57.471249 -12.804109 375.295074
54.308681 -35.994457 385.116333
9.180914 2.457364 351.189575
15.194747 -49.260132 352.193054
38.819668 -35.591133 334.440643
23.940189 -18.338020 337.840210
10.815132 -18.913628 333.240082
24.412830 6.588482 364.798126
36.411053 -22.643711 341.670929
87.138222 -53.591160 396.387115
97.147957 -51.486141 400.911865
26.334007 -1.595529 350.324188
54.571953 -28.472630 379.223907
10.992331 -27.829885 333.274445
82.633568 -47.910198 392.453979
41.274536 -16.937891 367.876984
27.397709 -10.034492 343.434540
77.694313 -34.793823 387.899048
-2.926857 -5.464902 341.417572
-1.677764 -9.287901 342.080231
62.493122 -25.771919 384.155792
28.622303 -4.389966 344.283722
94.439293 -45.804546 395.009552
63.477993 -18.557405 378.485260
36.843632 1.440786 365.859070
37.554008 -33.192383 335.307892
19.744091 7.292377 364.867950
53.566647 -21.383663 372.721832
81.675194 -38.592491 388.911591
87.963234 -42.358040 390.150848
20.137770 3.504049 357.256104
28.611485 3.145667 363.947815
75.067055 -31.831179 389.654663
65.863159 -25.637953 384.584778
45.584244 -1.744451 369.449432
47.853775 -21.093691 365.560974
53.728321 -25.718555 379.648926
75.750229 -17.249489 389.169800
43.284370 -8.020061 365.640594
69.339470 -25.871002 382.874725
79.921844 -24.585470 388.164368
6.542051 0.912396 351.273163
34.075687 3.645228 364.124420
80.669304 -9.779760 399.899780
78.418648 -11.439863 399.649139
52.782440 10.896595 376.527344
94.454163 -5.891911 426.577179
75.712532 -5.338689 401.341187
38.529316 22.084324 393.383942
87.784653 -1.960714 429.445038
98.049217 -9.985988 423.048737
20.244081 -54.194424 355.023773
20.494040 -47.750111 352.389984
5.687863 -26.370485 336.949341
49.191727 27.393669 408.185699
28.603445 -32.049400 335.211639
13.774874 -17.395821 333.032928
0.135746 -25.921757 339.197601
23.019308 -25.589939 334.049377
35.119030 -26.638760 338.765564
42.679455 -40.087402 331.128815
31.334570 -27.959484 335.489838
-6.187743 -8.917774 344.933228
33.759346 -24.759090 333.868744
44.341774 -33.048489 333.160919
28.287848 -23.533003 336.925018
23.122288 -15.353115 337.267639
32.358921 -21.031490 341.731964
68.273338 -36.077656 388.020447
47.748055 -34.021935 334.935883
40.280605 -27.420380 338.204468
12.906585 -4.832560 341.678986
6.905696 -7.441804 340.683624
10.836341 -9.001274 340.520691
25.703196 -16.977247 339.638306
44.516582 -26.784708 360.172577
34.108860 -29.831181 337.826691
20.106127 -10.907855 339.325897
16.669924 -8.903297 339.875671
85.285133 -49.785809 394.394440
0.515387 -6.227622 343.200287
43.574703 -20.603418 363.082947
101.958885 -55.705540 408.811066
29.436289 -8.280824 344.763733
45.968292 -23.716158 364.031158
-7.554430 -3.958405 343.631805
97.403908 -46.963142 399.641968
69.409355 -26.763548 383.825226
80.832809 -42.697815 393.077728
68.384850 -32.029663 389.805328
85.755714 -36.666553 388.793732
37.875996 -17.699148 346.513000
34.806168 -3.702367 352.480194
97.662041 -38.932667 394.612640
60.797295 -15.930201 376.603729
19.024763 -14.433012 339.568024
22.234991 0.501383 352.837708
88.225342 -32.588341 390.507904
97.633644 -32.583256 392.642242
91.129814 -34.586269 375.655731
46.276787 -17.427017 362.636139
56.599888 -20.967701 376.455963
49.208370 -17.418564 365.638641
107.565613 -44.454411 407.359161
55.079731 -16.841639 376.160126
76.548248 -24.052925 388.336395
39.586315 -3.190818 365.450928
50.685272 -5.882616 368.176331
88.243286 -28.060350 389.958374
81.552765 -21.295523 388.669983
61.085705 -11.875635 378.479218
47.812603 -8.691125 369.284119
77.505005 -20.196669 388.257477
105.388405 -32.986942 401.065369
30.433800 8.178224 365.832153
90.274940 -21.441032 392.869476
59.432568 2.982611 371.882141
47.105934 4.268481 369.868408
65.479530 1.573197 390.464294
38.348976 19.026131 386.429291
81.924011 -6.947558 409.283417
91.653809 -12.967810 405.678894
90.491814 -5.702941 428.866486
62.076214 7.024714 404.943573
56.148300 8.907583 376.817230
55.436867 30.189545 412.667725
59.835560 30.008438 417.355927
18.833069 -18.911715 333.604797
79.258354 -13.566348 400.465393
53.900013 18.314203 399.081055
72.526596 -19.045593 383.970001
64.119843 -7.640887 377.810089
54.040916 4.979813 373.363220
24.163534 -21.627817 336.483398
48.204147 22.023727 401.239868
60.310921 -39.366730 393.119629
98.528862 -3.374224 429.699738
31.200729 0.416336 363.029144
41.444614 1.200752 367.350586
68.004349 -13.455574 383.016235
98.938133 -44.424171 397.979980
88.838112 2.134101 430.169434
29.112328 -1.030657 348.794006
25.065725 -11.851807 339.362366
12.865692 -4.783879 341.719666
37.552219 13.145673 372.312988
22.555317 10.947649 367.785126
90.402672 -57.827686 399.827118
5.275928 -9.701455 339.702209
106.853432 -38.216236 405.627625
81.791733 -16.996920 390.451447
77.859329 21.620287 397.277588
50.256836 -13.560143 370.020844
15.334518 -12.767068 337.564697
27.349672 -27.326544 334.846832
17.989456 -4.581476 342.252625
58.359356 -5.232183 376.066467
35.955425 3.354276 366.345734
101.568710 -45.135456 405.596954
58.534966 27.651787 411.263367
42.111740 -6.104222 365.296722
99.234406 -27.208658 399.485504
12.334116 -20.399979 335.580414
34.318974 -32.799496 332.263916
94.305191 -25.129057 391.366913
16.076553 -30.056332 335.239777
41.861332 32.500214 408.884338
71.599541 -39.681042 388.348816
28.262903 -5.889607 348.430054
20.994036 -6.750461 342.738373
41.026299 -35.258846 334.314056
80.754448 3.484999 416.410034
68.818733 -4.335617 404.848907
62.621708 -26.075190 378.212860
93.204857 0.136622 435.705688
34.420555 -0.377002 366.758789
55.488182 21.310747 391.237305
