37.349304 -33.143883 335.424133
11.278111 -25.115744 334.200958
66.648186 -25.725704 382.964417
19.475088 -14.024440 338.418060
35.976646 -22.569620 341.955505
21.158819 -51.471268 354.782745
34.188438 -18.340118 343.311920
14.697060 -46.920902 350.126953
7.919708 1.082371 348.035797
63.209614 -21.902124 379.818298
27.151653 -9.885213 343.304047
45.861931 -10.213803 367.871094
27.573128 -1.198153 347.075409
75.745827 -29.990122 385.230042
29.288940 0.003858 363.323090
35.485645 -20.210468 345.418945
23.686293 -18.269976 337.951904
-1.811431 7.336915 356.218689
78.596916 -44.741631 391.399841
46.908646 -21.169085 369.447510
54.622055 -28.767717 379.240906
90.353676 -42.204887 390.416260
96.013687 -49.741993 398.412292
65.927925 -15.678307 382.984131
108.580315 -40.480946 403.690704
60.295956 -26.072220 380.497986
80.076508 -39.405769 387.625153
97.237183 -47.146042 395.751740
36.161625 1.314064 367.164246
43.240593 -7.954490 365.605103
87.254364 -33.987667 387.518341
61.414623 -23.041142 377.089294
84.260727 -44.662388 390.314117
24.968267 6.641147 362.971863
45.585732 -1.547052 369.270935
63.502537 -28.182337 381.982941
75.851097 -17.050518 392.239014
108.392693 -31.567366 408.273773
38.921265 19.584320 384.096436
74.700050 2.386303 395.935944
75.659523 -2.586153 408.094025
92.185562 -1.544650 427.590454
43.559509 25.760239 404.430634
31.329729 26.166439 399.763092
60.601040 26.728306 422.794708
94.793228 -5.627209 426.821014
20.167118 -47.988815 353.021545
32.894585 -25.082819 335.372406
14.120139 -23.512199 333.494720
28.155020 -32.143944 335.861694
-11.144595 -15.493488 346.914978
10.812215 -8.776561 340.101837
13.916166 -17.347832 332.393127
40.357578 -30.876181 334.411377
28.349567 -23.445145 336.258820
34.227715 -29.753868 337.000458
107.529808 -2.042318 439.243256
19.518190 -10.922860 339.755005
22.691925 -15.344272 337.548615
25.745104 -16.887762 339.100555
22.123346 -25.719687 335.499237
6.851610 -7.280790 340.446899
0.779689 -6.431012 342.394684
37.497204 -17.919695 347.047607
86.404922 -54.686981 398.046844
16.573362 -8.817176 339.765045
41.730293 -16.360558 366.156799
29.558376 -8.341337 344.107635
86.594749 -49.553772 391.586426
77.009216 -38.307774 389.026886
54.997311 -28.727879 382.525177
77.483215 -34.818272 388.909302
81.801361 -42.548824 390.590759
21.485752 -7.924706 340.250397
50.243217 -17.299967 362.754059
45.717854 -23.693729 364.472076
99.569901 -52.601925 406.096558
89.920143 -45.289757 391.197449
24.455730 0.557415 346.963562
44.300468 -20.454744 361.388489
41.114868 -17.631901 349.813934
34.215565 -3.771322 353.849609
46.285179 -17.671204 362.674561
68.161171 -31.639334 389.844238
63.667667 -18.676510 378.777191
107.552383 -44.973358 411.934357
88.619446 -28.008240 389.600037
33.929844 3.756538 364.442413
98.427971 -38.794109 393.900574
49.846443 -6.067577 370.785614
61.310280 -12.050682 378.512299
77.180626 -23.934498 387.180908
100.501450 -35.974945 392.635498
97.967224 -32.662048 392.852203
92.218658 -28.701374 387.807526
48.094021 -0.264488 370.532532
47.119682 4.275815 369.926819
81.426277 -21.543608 389.673035
50.544960 2.350059 371.497833
86.604904 -20.122900 391.360748
89.423637 -24.495886 390.345642
90.693413 -21.358551 391.994476
58.334709 2.763360 374.996887
106.218987 -32.703735 399.100281
49.105949 12.933536 377.876495
55.752419 8.771012 377.457947
65.682243 1.572950 390.278137
83.413750 -6.581971 405.514099
86.704781 -10.299228 405.118774
36.795040 25.778603 399.847900
75.828255 -5.619957 401.750549
99.818398 -2.480664 431.660767
43.326122 16.998713 383.985413
102.220612 -6.832814 431.833832
90.906502 -6.104028 428.006500
49.011200 21.923775 398.857178
66.921310 14.242775 427.772034
55.005161 30.154964 415.166260
67.743385 -13.776555 384.821991
96.859306 -24.755644 389.665802
35.951317 -1.639283 362.278168
85.446472 -32.615280 388.901611
17.848602 -4.389552 342.157776
12.635854 -4.945547 341.579712
23.862347 -11.784064 341.017029
97.942642 -2.482509 427.598022
31.329155 0.544509 363.030823
72.225349 -43.321999 392.644714
90.927864 -6.165895 410.034454
41.563610 -3.816462 360.684814
13.427990 4.336206 354.417053
27.853094 -0.846381 351.339294
58.296211 30.723322 422.403351
42.669579 -10.502981 369.273621
71.975197 -19.158062 385.585602
51.020943 -34.305725 382.833130
18.659575 -19.066328 333.151245
41.227669 0.766749 366.270142
55.079830 -16.887579 376.281158
84.070427 -25.428839 389.529083
30.394606 -14.382525 342.083771
41.324562 -14.436820 363.868774
40.508549 -27.093332 337.935303
50.718216 -13.355427 369.036774
35.743847 3.245320 365.974396
32.189598 -21.079123 341.190430
72.310127 -39.521687 386.841278
99.459999 -43.405960 392.589874
100.326920 -28.839029 393.593109
69.275116 -31.134422 387.982574
42.058060 32.448891 408.613403
94.881065 -25.371906 389.313202
66.312080 -21.816486 385.011505
24.452974 -21.553247 335.498047
82.305336 -29.517843 389.039307
54.539330 -10.064962 373.369904
88.724937 2.304750 431.984222
27.166632 -27.277843 335.095093
107.455742 -47.852936 413.179779
57.410336 -22.277306 376.480072
63.036983 -8.128192 381.462585
16.468916 -12.024306 339.771973
36.214169 -17.040415 345.582764
47.513630 -8.602076 369.040100
4.583490 -10.046137 340.536682
102.500183 -27.000090 386.055115
50.496700 -32.684967 368.330505
19.659422 -23.835262 336.029144
94.215607 -33.382507 389.733032
70.051491 -3.309295 403.666382
93.270676 0.137250 433.952637
35.113857 -20.658772 360.487885
66.351067 -24.752958 380.218628
90.992142 -28.205347 385.668732
78.312630 2.674287 426.470367
