91.100731 -41.252419 397.044098
17.688601 -48.650375 354.551056
86.693916 -32.859791 385.021118
45.831955 -8.528231 366.919434
23.140938 -29.590714 337.211029
24.259493 -27.546337 336.531158
34.804176 -33.238609 338.481049
66.240318 -27.509153 385.566193
95.596825 -32.302086 391.252502
78.364983 -32.645405 390.618103
41.320587 -38.046497 337.529999
103.042351 -34.733078 398.298828
35.858406 -31.203764 339.362671
31.973070 -20.621702 342.048981
50.047974 -7.902729 369.337952
22.274099 -16.413395 341.338654
63.033142 -25.370218 385.726318
60.663071 2.412601 375.034180
39.725395 0.856216 365.765411
34.029018 -22.883751 345.438080
59.930336 -12.956489 375.954132
66.092690 -24.717010 385.754242
27.922359 -18.297537 340.565338
29.390667 -22.607077 340.930115
30.951420 -5.548809 340.368561
88.505508 -22.070759 394.837891
6.520970 1.240879 352.459198
72.105331 -25.072578 387.101532
34.584381 -12.421447 346.043610
46.187279 -20.845194 362.384369
94.117645 -1.159559 430.851074
23.035345 2.618431 354.522919
29.937166 -12.250775 345.306671
22.155163 -3.270693 344.419250
36.804409 2.692513 363.702026
53.655422 1.950869 370.186249
38.440327 3.648082 366.240448
95.196083 2.211620 427.745148
25.391153 16.489109 375.406067
33.659595 12.493306 369.717102
27.652334 5.704230 363.702301
47.573284 31.318188 404.598572
49.924927 11.092840 376.600433
53.861244 33.361790 408.342102
22.725559 -63.043163 361.501495
23.036400 -49.720448 357.572357
5.101111 -37.383644 346.464294
80.707306 -46.578007 395.949188
98.401314 -41.697819 398.305237
27.796795 -32.966568 336.568512
33.526047 -30.709452 337.955475
8.939742 -34.457554 342.503876
10.864851 -26.341063 338.002594
39.842438 -35.961235 338.817230
86.334084 -44.297680 394.714508
37.394127 -31.983414 337.387421
31.392139 -34.595203 336.753479
23.398785 -55.354046 357.015900
35.108387 -27.515055 339.001526
82.982964 -38.503143 391.565704
77.695816 -30.106558 390.420410
74.903412 -36.690956 392.432434
16.253120 -20.283062 334.672058
82.839554 -36.124317 392.019745
80.148079 -33.600266 393.182312
83.074631 -29.256851 390.658173
16.454432 -26.273689 336.030640
96.049873 -24.226015 392.903534
100.856659 -31.457184 394.182495
91.985741 -23.118156 393.616241
0.729297 -15.018214 342.298279
7.515634 -24.534838 336.291565
38.706318 -28.974737 342.799438
25.599287 -28.359238 336.828613
73.607147 -29.855064 387.380859
74.371849 -33.997719 390.866425
18.674110 -24.728561 333.956757
82.889771 -23.303352 389.605713
65.204887 -30.987242 388.366852
10.594372 -20.338408 336.201904
79.771317 -22.739933 391.745667
13.268969 -24.635799 334.512512
85.554993 -27.824457 389.569489
94.539246 -27.782366 393.231720
85.141449 -33.826744 388.808716
83.948402 -19.962437 391.121826
89.070213 -18.657495 393.164917
66.649750 -14.904252 381.178192
8.849258 -5.964145 344.431183
3.127429 -8.641316 344.274170
4.095418 -1.066927 351.341919
14.895569 -1.220565 349.094788
53.197220 -6.446320 370.937958
42.727318 -3.236942 362.673676
39.404373 -2.233018 362.885162
43.263821 30.677219 406.054291
91.273094 2.307252 428.742737
49.587536 4.251074 370.778809
33.099560 7.429798 364.921082
45.528305 5.823954 370.343231
62.698013 7.954278 379.368988
48.915779 24.549372 400.116699
61.912041 32.243107 416.110046
19.148085 -11.682476 341.158203
44.991669 -39.109070 335.628448
30.965723 -25.895550 338.404907
50.004784 -9.540419 369.728424
43.461956 -24.782124 358.158478
19.332682 -29.173708 336.090759
75.242126 22.633539 422.015991
100.543945 -55.005730 409.393250
19.179050 -33.806782 341.143494
20.618486 -21.863270 336.670319
27.046532 -24.088764 338.451019
103.560966 -27.395725 398.697723
7.972535 -29.504156 341.176727
13.804955 8.213589 370.793976
24.198780 -10.085262 342.563019
35.474720 -36.220703 341.237030
82.914436 -39.651051 389.484619
19.228174 -31.535967 335.353088
72.171600 -30.301256 394.714661
92.494728 5.719503 430.180023
101.597984 0.833147 430.876740
-4.731234 -6.505378 345.973175
35.605747 -23.219332 341.911224
74.979416 -18.608236 392.209351
13.973448 -11.298693 341.939270
93.402237 -56.272026 405.703003
-9.252698 -2.792554 349.577362
56.162663 4.877393 368.954407
50.237286 -18.239513 365.783356
34.254559 -30.967724 337.906525
105.036613 -25.763975 403.109985
96.383842 -24.085938 392.777802
47.950455 29.644192 405.472961
107.294235 -0.927758 434.797852
17.875126 -14.824910 338.116364
29.794415 -30.050982 339.254303
0.297640 3.323516 361.978424
17.905600 9.073660 370.669128
45.032894 -43.065403 334.535156
33.299755 -16.055344 344.951691
15.566668 -6.951672 343.631104
57.061279 28.967436 406.271393
24.861576 -0.302657 353.403442
14.269418 2.278745 365.009521
61.050213 -4.361299 377.047058
96.178658 -30.531244 393.588165
31.267355 -8.051776 345.964508
7.685159 -11.805915 342.918396
54.569656 27.289162 407.370667
-3.988520 -11.846532 345.704071
39.838966 -21.200180 355.322784
52.916267 3.804398 369.592651
14.180602 -22.636520 337.954620
