24.259493 -27.546337 336.531158
78.364983 -32.645405 390.618103
22.274099 -16.413395 341.338654
66.240318 -27.509153 385.566193
34.804176 -33.238609 338.481049
103.042351 -34.733078 398.298828
46.187279 -20.845194 362.384369
30.951420 -5.548809 340.368561
35.858406 -31.203764 339.362671
91.100731 -41.252419 397.044098
63.033142 -25.370218 385.726318
22.155163 -3.270693 344.419250
17.688601 -48.650375 354.551056
29.390667 -22.607077 340.930115
34.029018 -22.883751 345.438080
72.105331 -25.072578 387.101532
34.584381 -12.421447 346.043610
95.596825 -32.302086 391.252502
59.930336 -12.956489 375.954132
38.440327 3.648082 366.240448
94.117645 -1.159559 430.851074
31.973070 -20.621702 342.048981
29.937166 -12.250775 345.306671
27.922359 -18.297537 340.565338
53.655422 1.950869 370.186249
25.391153 16.489109 375.406067
47.573284 31.318188 404.598572
53.861244 33.361790 408.342102
22.725559 -63.043163 361.501495
23.398785 -55.354046 357.015900
5.101111 -37.383644 346.464294
39.842438 -35.961235 338.817230
86.334084 -44.297680 394.714508
82.982964 -38.503143 391.565704
82.839554 -36.124317 392.019745
37.394127 -31.983414 337.387421
35.108387 -27.515055 339.001526
83.074631 -29.256851 390.658173
27.796795 -32.966568 336.568512
98.401314 -41.697819 398.305237
91.985741 -23.118156 393.616241
0.729297 -15.018214 342.298279
38.706318 -28.974737 342.799438
82.889771 -23.303352 389.605713
16.253120 -20.283062 334.672058
7.515634 -24.534838 336.291565
74.371849 -33.997719 390.866425
89.070213 -18.657495 393.164917
8.849258 -5.964145 344.431183
39.404373 -2.233018 362.885162
42.727318 -3.236942 362.673676
61.912041 32.243107 416.110046
48.915779 24.549372 400.116699
45.528305 5.823954 370.343231
17.905600 9.073660 370.669128
34.254559 -30.967724 337.906525
19.179050 -33.806782 341.143494
19.332682 -29.173708 336.090759
72.171600 -30.301256 394.714661
19.228174 -31.535967 335.353088
107.294235 -0.927758 434.797852
93.402237 -56.272026 405.703003
100.543945 -55.005730 409.393250
-4.731234 -6.505378 345.973175
74.979416 -18.608236 392.209351
43.461956 -24.782124 358.158478
0.297640 3.323516 361.978424
101.597984 0.833147 430.876740
61.050213 -4.361299 377.047058
44.991669 -39.109070 335.628448
24.198780 -10.085262 342.563019
24.861576 -0.302657 353.403442
45.032894 -43.065403 334.535156
33.299755 -16.055344 344.951691
96.178658 -30.531244 393.588165
52.916267 3.804398 369.592651
39.838966 -21.200180 355.322784
54.569656 27.289162 407.370667
106.251015 -34.076302 399.467499
52.729206 -34.623238 338.873260
37.710690 -24.391205 279.857758
49.834984 -7.871473 369.476227
95.399017 -33.933895 391.912964
32.142147 -20.472237 341.382843
86.857872 -15.883698 394.975739
17.630278 -17.606060 337.460541
89.588219 -30.266415 390.421448
37.360474 -38.015724 336.687378
20.454731 -29.901226 336.552826
53.764835 1.897225 372.463379
22.346291 6.601238 365.881439
33.452721 12.486908 370.100922
93.053299 -30.577404 393.516632
68.440582 -20.770422 385.355835
98.193420 -29.753262 393.068054
75.062195 -24.155205 387.938599
91.093422 -26.622530 395.135712
22.879229 -29.683867 336.234344
47.008450 9.058667 371.600037
49.777660 11.190872 377.022064
95.044579 2.465903 426.828247
59.012962 -19.838186 378.032349
88.147217 -22.003494 393.732910
85.757057 -9.227701 401.359589
23.179562 2.484308 355.288605
50.665577 22.267527 402.313873
27.645628 -32.911179 335.958069
10.389632 -20.412321 336.324463
12.979286 -24.576622 335.020935
8.772774 -34.339417 341.505890
19.255024 -27.946775 335.136902
15.495060 -29.903475 337.044281
10.580441 -26.554619 338.881958
12.994342 -30.911404 337.391541
74.725006 -36.468403 390.956512
44.471245 -39.297756 336.553436
86.451004 -43.966927 394.374634
81.079521 -47.059235 401.825653
42.078480 -33.667187 340.423767
38.409382 -28.842270 342.391510
94.349709 -41.651905 398.592468
28.490820 -19.349527 338.974731
75.646530 -44.855503 398.456207
-2.032240 -10.835477 342.591797
18.489296 -24.708372 333.878265
0.324912 -15.160329 342.921204
91.568657 -43.330215 392.271973
85.796516 -34.004753 391.742798
48.401802 -24.642059 365.982330
7.119478 -24.457527 337.530762
3.022700 -8.720467 344.419586
68.414635 -24.332392 384.868378
94.398232 -27.681231 392.715668
23.911123 -10.178687 342.185547
65.091156 -21.768274 384.308929
79.560165 -33.275814 391.970642
64.653160 -30.296261 383.454285
94.287743 -35.024483 375.793488
82.980988 -29.320654 391.916138
57.717239 -16.328781 375.267334
85.666367 -27.705992 388.566925
77.681007 -30.094601 390.081665
74.265862 -30.229359 393.936096
103.128075 -28.518265 398.051880
14.727012 -1.262754 350.087952
3.679730 -0.926723 352.923462
31.430132 -6.392574 346.987823
91.628624 -23.090483 392.759460
63.095592 -15.632842 379.567963
66.627518 -14.842315 378.780731
35.546860 -8.054658 347.532654
8.957080 -1.085021 352.415924
6.153351 1.360005 353.973389
92.943855 -19.559511 391.307739
96.186043 -24.110785 393.494598
53.096806 -6.499030 371.155731
44.537075 1.995559 369.322357
45.383560 5.731446 369.409180
68.796814 7.675213 394.338776
66.619171 -9.185299 382.105469
53.220238 33.091373 409.360992
61.947269 32.775749 415.485992
43.212334 30.642448 405.522644
53.651566 23.425907 398.892456
55.289230 11.408441 377.232910
51.560024 13.387730 379.854248
57.011082 36.749840 410.788513
16.624075 2.106736 352.201813
7.062603 -34.606064 339.837219
-9.321898 -2.740176 348.823944
13.989034 8.606499 370.956482
73.849808 -2.696904 410.612152
33.542690 0.245909 366.614960
47.945194 29.930159 405.937500
29.660870 -30.085373 338.170807
51.161232 -0.938152 366.049988
35.184189 -36.235294 342.036987
103.235352 -27.235615 398.832611
52.667000 -13.728436 372.935028
12.543852 -30.347403 338.507019
13.757258 -11.512630 342.056946
83.312721 -39.898460 394.725098
63.065948 8.368532 382.357758
50.351410 -18.152639 369.132599
49.245293 -42.247486 334.904816
56.991348 28.950895 404.327606
92.441254 5.832186 429.954712
50.121510 -9.282268 369.161469
35.410141 -23.472242 341.709808
85.129105 -8.445086 405.528198
7.935045 -29.346382 339.945862
5.907870 -34.140049 344.416840
30.594687 -9.427245 343.020844
5.252590 -22.086164 341.111481
43.774097 0.719104 367.191467
40.051006 7.145226 370.005432
28.333382 -35.755501 331.367035
7.490743 -11.993783 342.649963
20.503529 -15.571466 341.875458
52.705452 3.858773 372.841675
0.047394 3.844605 361.329285
24.845476 10.265924 367.711700
63.636837 -25.328363 380.384460
-3.884455 -11.114978 343.845215
20.137774 3.504052 357.256104
15.194752 -49.260128 352.193054
10.815136 -18.913626 333.240082
36.411060 -22.643707 341.670929
62.493126 -25.771915 384.155792
94.439301 -45.804543 395.009552
69.339478 -25.870998 382.874725
-1.677759 -9.287898 342.080231
-2.926852 -5.464899 341.417572
87.963242 -42.358036 390.150848
97.147964 -51.486137 400.911865
75.067055 -31.831175 389.654663
10.992335 -27.829882 333.274445
54.571957 -28.472626 379.223907
38.819672 -35.591129 334.440643
9.180919 2.457366 351.189606
54.308685 -35.994457 385.116333
3.981700 -32.910084 337.606995
53.566654 -21.383659 372.721832
81.675201 -38.592487 388.911591
57.471256 -12.804106 375.295074
82.633568 -47.910194 392.453979
65.863159 -25.637951 384.584778
75.750229 -17.249487 389.169800
28.611490 3.145670 363.947815
53.728325 -25.718554 379.648926
19.744095 7.292380 364.867950
79.921852 -24.585468 388.164368
28.622307 -4.389962 344.283722
43.284378 -8.020059 365.640594
26.334013 -1.595526 350.324188
78.418655 -11.439860 399.649139
38.529324 22.084328 393.383942
52.782444 10.896598 376.527344
98.049225 -9.985986 423.048737
49.191730 27.393673 408.185699
20.244087 -54.194420 355.023773
80.669312 -9.779757 399.899780
42.679459 -40.087399 331.128815
87.784660 -1.960712 429.445038
5.687868 -26.370481 336.949341
0.135750 -25.921753 339.197601
13.774879 -17.395817 333.032928
35.119034 -26.638756 338.765564
47.748058 -34.021931 334.935883
19.024767 -14.433009 339.568024
32.358925 -21.031487 341.731964
-7.554426 -3.958402 343.631805
31.334576 -27.959482 335.489838
44.341778 -33.048485 333.160919
12.906590 -4.832556 341.678986
69.409363 -26.763546 383.825226
85.755714 -36.666553 388.793732
44.516586 -26.784706 360.172577
-6.187738 -8.917771 344.933228
68.273346 -36.077652 388.020447
91.129822 -34.586266 375.655731
37.875999 -17.699144 346.513000
85.285141 -49.785805 394.394440
97.662048 -38.932663 394.612640
56.599892 -20.967699 376.455963
101.958893 -55.705536 408.811066
88.225349 -32.588337 390.507904
16.669928 -8.903295 339.875671
97.403915 -46.963139 399.641968
60.797298 -15.930198 376.603729
77.505005 -20.196665 388.257477
81.552773 -21.295521 388.669983
39.586319 -3.190815 365.450928
90.274948 -21.441031 392.869476
30.433804 8.178226 365.832153
62.076218 7.024716 404.943573
59.432571 2.982615 371.882141
91.653816 -12.967807 405.678894
38.348984 19.026134 386.429291
34.318977 -32.799492 332.263916
106.853439 -38.216232 405.627625
58.534969 27.651789 411.263367
53.900017 18.314207 399.081055
54.040920 4.979816 373.363220
98.528870 -3.374222 429.699738
12.334121 -20.399975 335.580414
15.334522 -12.767065 337.564697
42.111744 -6.104219 365.296722
16.076557 -30.056328 335.239777
101.568718 -45.135452 405.596954
60.310928 -39.366730 393.119629
37.552223 13.145676 372.312988
77.859329 21.620289 397.277588
98.938133 -44.424168 397.979980
79.258362 -13.566345 400.465393
22.555323 10.947652 367.785126
81.791733 -16.996916 390.451447
58.359364 -5.232180 376.066467
17.989460 -4.581473 342.252625
99.234413 -27.208656 399.485504
90.402679 -57.827682 399.827118
28.262907 -5.889604 348.430054
62.621712 -26.075188 378.212860
80.754456 3.485002 416.410034
41.026302 -35.258842 334.314056
20.994041 -6.750457 342.738373
34.420559 -0.376999 366.758789
55.488186 21.310751 391.237305
14.697043 -46.920895 350.127014
34.188423 -18.340111 343.311981
97.237167 -47.146034 395.751801
23.686275 -18.269966 337.951965
-1.811448 7.336923 356.218750
27.151636 -9.885204 343.304108
35.976631 -22.569611 341.955566
7.919692 1.082379 348.035858
63.209599 -21.902117 379.818359
45.861912 -10.213796 367.871155
37.349289 -33.143871 335.424194
35.485630 -20.210459 345.419006
21.158804 -51.471260 354.782806
27.573111 -1.198145 347.075470
24.968250 6.641154 362.971924
80.076492 -39.405762 387.625214
11.278093 -25.115734 334.201019
19.475073 -14.024431 338.418121
78.596901 -44.741623 391.399872
46.908630 -21.169077 369.447571
66.648170 -25.725697 382.964478
63.502522 -28.182329 381.983002
84.260712 -44.662380 390.314148
29.288923 0.003866 363.323151
61.414608 -23.041134 377.089355
96.013672 -49.741985 398.412354
43.240578 -7.954483 365.605164
65.927910 -15.678299 382.984192
90.353661 -42.204880 390.416321
60.295940 -26.072212 380.498047
108.580299 -40.480938 403.690765
45.585716 -1.547044 369.270996
54.622040 -28.767710 379.240967
87.254349 -33.987659 387.518402
75.745811 -29.990114 385.230103
36.161606 1.314072 367.164307
75.851082 -17.050510 392.239075
108.392677 -31.567358 408.273834
74.700035 2.386310 395.936005
60.601025 26.728312 422.794769
38.921249 19.584328 384.096497
43.559494 25.760244 404.430695
94.793213 -5.627202 426.821075
31.329712 26.166447 399.763153
75.659508 -2.586145 408.094086
20.167103 -47.988808 353.021606
107.529793 -2.042311 439.243317
92.185547 -1.544643 427.590515
22.123331 -25.719679 335.499298
28.349552 -23.445135 336.258881
28.155003 -32.143932 335.861755
40.357563 -30.876171 334.411438
0.779672 -6.431004 342.394745
14.120123 -23.512192 333.494781
25.745087 -16.887754 339.100616
-11.144611 -15.493481 346.915039
22.691908 -15.344263 337.548676
13.916149 -17.347824 332.393188
21.485735 -7.924698 340.250458
34.227699 -29.753859 337.000519
45.717838 -23.693720 364.472137
19.518175 -10.922853 339.755066
37.497189 -17.919687 347.047668
54.997295 -28.727873 382.525208
86.404907 -54.686974 398.046906
6.851593 -7.280782 340.446930
41.114853 -17.631891 349.813995
32.894569 -25.082811 335.372467
16.573347 -8.817167 339.765106
81.801346 -42.548817 390.590790
29.558361 -8.341329 344.107697
10.812198 -8.776552 340.101898
86.594734 -49.553764 391.586487
44.300453 -20.454737 361.388550
46.285164 -17.671196 362.674622
41.730278 -16.360550 366.156860
24.455713 0.557423 346.963623
34.215549 -3.771315 353.849670
99.569885 -52.601917 406.096619
50.243202 -17.299959 362.754120
77.009201 -38.307766 389.026947
89.920128 -45.289749 391.197510
68.161156 -31.639326 389.844299
77.483200 -34.818264 388.909363
98.427956 -38.794102 393.900635
63.667652 -18.676502 378.777252
33.929829 3.756546 364.442474
107.552368 -44.973351 411.934418
61.310265 -12.050674 378.512360
100.501434 -35.974937 392.635559
49.846428 -6.067569 370.785675
88.619431 -28.008232 389.600098
89.423622 -24.495878 390.345703
90.693398 -21.358543 391.994537
47.119667 4.275823 369.926880
50.544945 2.350066 371.497894
92.218643 -28.701366 387.807587
81.426262 -21.543598 389.673096
106.218971 -32.703728 399.100342
86.604889 -20.122892 391.360809
43.326107 16.998718 383.985474
97.967209 -32.662041 392.852264
48.094006 -0.264480 370.532593
77.180611 -23.934490 387.180969
49.105930 12.933543 377.876556
65.682228 1.572958 390.278198
58.334694 2.763367 374.996948
99.818382 -2.480657 431.660828
86.704765 -10.299220 405.118805
55.752403 8.771020 377.457977
102.220596 -6.832807 431.833893
83.413734 -6.581964 405.514160
90.906487 -6.104021 428.006561
75.828239 -5.619950 401.750610
36.795021 25.778610 399.847961
90.927849 -6.165887 410.034515
32.189579 -21.079115 341.190491
67.743370 -13.776547 384.822052
40.508533 -27.093325 337.935364
4.583473 -10.046129 340.536743
51.020927 -34.305717 382.833191
63.036968 -8.128183 381.462646
13.427974 4.336214 354.417114
85.446457 -32.615273 388.901642
24.452957 -21.553240 335.498108
84.070412 -25.428831 389.529144
72.225334 -43.321991 392.644775
66.921295 14.242782 427.772095
99.459984 -43.405952 392.589935
57.410320 -22.277298 376.480133
17.848585 -4.389544 342.157837
31.329138 0.544517 363.030884
30.394588 -14.382518 342.083832
36.214153 -17.040407 345.582825
58.296196 30.723330 422.403412
69.275101 -31.134415 387.982635
102.500168 -27.000082 386.055176
27.166616 -27.277836 335.095154
72.310112 -39.521679 386.841339
42.669559 -10.502974 369.273682
55.079815 -16.887571 376.281219
27.853079 -0.846373 351.339355
47.513615 -8.602068 369.040161
71.975182 -19.158054 385.585663
50.718201 -13.355418 369.036835
82.305321 -29.517836 389.039368
88.724922 2.304757 431.984283
55.005146 30.154972 415.166321
42.058044 32.448898 408.613464
12.635838 -4.945539 341.579773
35.743832 3.245327 365.974457
41.227654 0.766757 366.270203
16.468899 -12.024299 339.772034
107.455727 -47.852928 413.179840
41.563591 -3.816454 360.684845
94.881050 -25.371899 389.313263
97.942627 -2.482502 427.598083
96.859291 -24.755636 389.665863
54.539314 -10.064955 373.369965
100.326904 -28.839022 393.593170
66.312065 -21.816479 385.011566
23.862331 -11.784056 341.017090
49.011185 21.923780 398.857239
35.951298 -1.639276 362.278229
18.659557 -19.066320 333.151306
41.324543 -14.436812 363.868835
50.496685 -32.684959 368.330566
94.215591 -33.382500 389.733063
19.659407 -23.835255 336.029205
93.270660 0.137257 433.952698
70.051476 -3.309288 403.666443
90.992126 -28.205339 385.668793
35.113842 -20.658764 360.487946
66.351051 -24.752951 380.218689
78.312614 2.674294 426.470428
